yahooR3:
  DIB-MF:
    alpha: 0.1812821163084593
    batch_size: 16384
    gamma: 0.0627923352304084
    lambda: 1.0e-05
    learning_rate: 0.01
    rank: 45.0
  DIB-NCF:
    alpha: 0.19437480785146244
    batch_size: 128
    gamma: 0.0037272811964139336
    lambda: 1.0e-05
    learning_rate: 0.005
    rank: 100.0
  MF:
    alpha: 0.14425251365631128
    batch_size: 16384
    gamma: 0.051473388620451435
    lambda: 1.0e-05
    learning_rate: 0.005
    rank: 95.0
